# Piste direction report
# generated 2026-10-06T19:19:08.826Z
# wayId	name	startElev	endElev	drop	wayBearing	suggestedBearing	verdict
29236047	Schartensc	3114.0	2843.0	271.0	65	245	ok
29330763	13	2665.0	2280.0	385.0	55	235	ok
29330780	15	2593.0	2299.0	294.0	66	246	ok
30247775	33	3185.0	2660.0	525.0	20	200	ok
30247776	33	3031.0	2913.0	118.0	7	187	ok
30247781	36	3042.0	2814.0	228.0	144	324	ok
30247789	25	2945.0	2569.0	376.0	131	311	ok
30247798	14	2734.0	2284.0	450.0	88	268	ok
30247803	23	2665.0	2521.0	144.0	195	15	ok
30247813	15	2572.0	2287.0	285.0	70	250	ok
30247816	5	2499.0	2377.0	122.0	70	250	ok
30247818	5	2259.0	2041.0	218.0	25	205	ok
46613728	32	3218.0	2980.0	238.0	1	181	ok
46760226	2	2439.0	1941.0	498.0	113	293	ok
46760230	4	2499.0	2515.0	-16.0	159	339	flipped
46760231	4	2600.0	2144.0	456.0	67	247	ok
49730416	Gaislachal	2207.0	1963.0	244.0	118	298	ok
49730417	2	2120.0	2088.0	32.0	19	199	ok
51036274	3	2338.0	2181.0	157.0	50	230	ok
51043371	7	1932.0	1606.0	326.0	77	257	ok
52322218	13	2556.0	2531.0	25.0	12	192	ok
92968068	11	1994.0	1994.0	0.0	142	322	flat
92968071		1960.0	1994.0	-34.0	5	185	flipped
92968079	11	1994.0	2019.0	-25.0	209	29	flipped
103342578	21	1430.0	1365.0	65.0	157	337	ok
148184148	1	2600.0	2411.0	189.0	44	224	ok
148203306	7a	1689.0	1518.0	171.0	117	297	ok
148203307	6	1902.0	1902.0	0.0	306	126	flat
148203310	11	2654.0	2630.0	24.0	358	178	ok
148203311	24	2758.0	2755.0	3.0	119	299	ok
148261801		1902.0	1689.0	213.0	75	255	ok
150276158	Kogelferne	3114.0	2876.0	238.0	77	257	ok
150349637		2287.0	2111.0	176.0	55	235	ok
150349638		2423.0	2287.0	136.0	54	234	ok
197171969	Mini	2310.0	2281.0	29.0	58	238	ok
208631906	12	2556.0	2280.0	276.0	53	233	ok
208631909	16	2471.0	2270.0	201.0	122	302	ok
208631911	71	2381.0	2136.0	245.0	104	284	ok
277916102		2639.0	2611.0	28.0	68	248	ok
315877910	1	2968.0	2958.0	10.0	27	207	ok
315878276	1	2535.0	2496.0	39.0	307	127	ok
315880239	1a	2385.0	2181.0	204.0	131	311	ok
315883058	32	2984.0	2980.0	4.0	145	325	ok
315884914	24	2617.0	2557.0	60.0	65	245	ok
315888209	50	1566.0	1498.0	68.0	72	252	ok
315888984	50	1535.0	1470.0	65.0	68	248	ok
315892003	4	2430.0	2377.0	53.0	33	213	ok
315938927	3	2417.0	1853.0	564.0	50	230	ok
316400954	6	2021.0	1902.0	119.0	16	196	ok
316400955	6	2021.0	2021.0	0.0	2	182	flat
316401577	11	2496.0	2270.0	226.0	83	263	ok
316402929	14	2734.0	2496.0	238.0	82	262	ok
316560713	1	3015.0	2600.0	415.0	8	188	ok
316668321	4	2259.0	2142.0	117.0	105	285	ok
316783281	24	2755.0	2741.0	14.0	329	149	ok
316788724	8 / 10	1632.0	1498.0	134.0	348	168	ok
316792620	32	2984.0	2980.0	4.0	130	310	ok
316824135	3	2309.0	2178.0	131.0	58	238	ok
316827314		2111.0	1960.0	151.0	62	242	ok
317370613	24	2741.0	2505.0	236.0	77	257	ok
317523713	18	2655.0	2382.0	273.0	79	259	ok
317701005	31	2980.0	2691.0	289.0	24	204	ok
317769973	19	2280.0	1944.0	336.0	93	273	ok
317826055	4 / 5	2377.0	2259.0	118.0	65	245	ok
317835910	20	2299.0	1944.0	355.0	103	283	ok
317835911	6 / 3b	2181.0	2136.0	45.0	352	172	ok
317837036	Gaislachal	2120.0	2080.0	40.0	216	36	ok
317891880	Gaislachal	2046.0	1944.0	102.0	53	233	ok
317891881	Gaislachal	2090.0	2002.0	88.0	58	238	ok
372224888	13	2272.0	2280.0	-8.0	288	108	flipped
411503401	Otztal	2924.0	1360.0	1564.0	261	81	ok
432769124	50	1498.0	1470.0	28.0	64	244	ok
432769125	9	1498.0	1448.0	50.0	117	297	ok
432769127	9	1470.0	1461.0	9.0	164	344	ok
432769132	6	2136.0	2021.0	115.0	357	177	ok
432769134	3	2104.0	2049.0	55.0	15	195	ok
432852838	3a	2437.0	2439.0	-2.0	294	114	flat
432852842	2a	2384.0	2207.0	177.0	132	312	ok
432852844	2	1986.0	1963.0	23.0	157	337	ok
432852849	Gaislachal	2122.0	1718.0	404.0	66	246	ok
432852850	2	2417.0	2384.0	33.0	138	318	ok
432852853	3a	2439.0	2291.0	148.0	358	178	ok
440323826		2643.0	2639.0	4.0	332	152	ok
440323830	31	2984.0	2921.0	63.0	88	268	ok
440323831	35	2980.0	2841.0	139.0	76	256	ok
440323832	34	3013.0	2746.0	267.0	13	193	ok
440323833	33	2811.0	2690.0	121.0	19	199	ok
441211397	24	2755.0	2755.0	0.0	169	349	flat
441211399	24	2617.0	2585.0	32.0	70	250	ok
441747777	18	2665.0	2645.0	20.0	199	19	ok
441747778	23	2654.0	2645.0	9.0	250	70	ok
441747780	13	2630.0	2651.0	-21.0	323	143	flipped
441747782	15	2572.0	2438.0	134.0	73	253	ok
441747783	13	2413.0	2351.0	62.0	9	189	ok
441747784	15	2288.0	2280.0	8.0	175	355	ok
441747788	19	2111.0	2081.0	30.0	126	306	ok
441777512	19	2332.0	2229.0	103.0	57	237	ok
441777515	21	1997.0	1456.0	541.0	107	287	ok
441777518	22a	1834.0	1683.0	151.0	81	261	ok
451876071	15	2505.0	2448.0	57.0	96	276	ok
518367951		1994.0	1994.0	0.0	359	179	flat
520824056	11	2665.0	2496.0	169.0	76	256	ok
520824061	13	2665.0	2556.0	109.0	55	235	ok
520824063	11	2655.0	2655.0	0.0	40	220	flat
556506112	11	2496.0	1994.0	502.0	102	282	ok
556506113	11	2240.0	2049.0	191.0	74	254	ok
556506117	9	1448.0	1362.0	86.0	123	303	ok
556506118	9	1448.0	1448.0	0.0	111	291	flat
556506121	30	2667.0	2627.0	40.0	27	207	ok
584358539	8	1944.0	1686.0	258.0	10	190	ok
698592887		2611.0	2611.0	0.0	106	286	flat
698592888		2611.0	2484.0	127.0	59	239	ok
698592889		2484.0	2484.0	0.0	36	216	flat
698592890		2484.0	2423.0	61.0	43	223	ok
879277527	3b	1853.0	1853.0	0.0	347	167	flat
1042031110	9	1448.0	1392.0	56.0	111	291	ok
1090332420	Abfahrt zu	1627.0	1599.0	28.0	110	290	ok
1099407959	8	1686.0	1632.0	54.0	2	182	ok
1115783600		2654.0	2648.0	6.0	329	149	ok
1115783601		2648.0	2643.0	5.0	314	134	ok
1179539284	7a	1518.0	1471.0	47.0	130	310	ok
1179539285	7b	1518.0	1470.0	48.0	106	286	ok
1179785872	Funslope	2572.0	2537.0	35.0	20	200	ok
1179785873	Funslope	2537.0	2537.0	0.0	18	198	flat
1179785874	Funslope	2537.0	2537.0	0.0	68	248	flat
1179785875	Funslope	2537.0	2464.0	73.0	52	232	ok
1179785876	Funslope	2537.0	2537.0	0.0	39	219	flat
1179785877	Rotes Kar	2791.0	2686.0	105.0	29	209	ok
1207862658	11	1994.0	1951.0	43.0	100	280	ok
1208989002	30	2671.0	2648.0	23.0	73	253	ok
1225950539	62	2284.0	2181.0	103.0	97	277	ok
1225950540	3	2253.0	2181.0	72.0	52	232	ok
1225950543	3b	2136.0	1853.0	283.0	92	272	ok
1241398890	21	1456.0	1377.0	79.0	70	250	ok
1241398891	22	1430.0	1377.0	53.0	62	242	ok
1241398892	21	1377.0	1350.0	27.0	75	255	ok
1241398893	21	1379.0	1350.0	29.0	51	231	ok
1241398894	21	1377.0	1379.0	-2.0	357	177	flat
1241398895	21	1377.0	1377.0	0.0	346	166	flat
1241398896	22	1377.0	1377.0	0.0	60	240	flat
1241398897	70	2269.0	2100.0	169.0	94	274	ok
1241398903	24	2685.0	2574.0	111.0	102	282	ok
1315020997	72	2221.0	2074.0	147.0	73	253	ok
1315020998	61	2417.0	2338.0	79.0	2	182	ok
1315020999	3	2181.0	2040.0	141.0	82	262	ok
1323398845	20	2281.0	2178.0	103.0	69	249	ok
1323398846	15	2370.0	2299.0	71.0	66	246	ok
1323398847	19	2288.0	2284.0	4.0	126	306	ok
1324327341	10	1853.0	1632.0	221.0	94	274	ok
1421304462	22	1613.0	1554.0	59.0	24	204	ok
1421304463	22	1997.0	1834.0	163.0	127	307	ok
1421304464	22	1834.0	1613.0	221.0	91	271	ok
# SUMMARY: total=152 ok=130 reversed=5 flat=17 failed=0